c = [-11.804258583087073; -3.9572059971165516; -1.1707950105698764E-16; ...
       3.9572059971165534; 11.804258583087067];

