A = ...
  [1 2 3;
   0 -1 1.5;
   2 4 5];

