A = ...
  [2 4 5;
   0 -1 1.5;
   1 2 3];

