A = ...
  [2 3 -1;
   0 5 1;
   -2 4 1];

