U = ...
  [2 4 5;
   0 -1 1.5;
   0 0 0.5];