x = [1.0714285714285714; -0.14285714285714285; 0.7142857142857143];

