b = [0.972043;1.045116;0.665284;0.574105;0.651972;0.741629;0.697914;1.061832;0.501312;0.890318;0.602411;1.019022;0.606268;0.837974;1.095139;0.745256;0.497069;0.643165;0.773201;0.730526;0.655441;1.065889;0.939781;1.078014;0.798732;1.067865;0.453690;0.900171;1.000538;0.658013;1.064175;0.981460;1.013138;0.879468;0.996284;0.727352;0.650740;0.715812;0.885733;1.014847;0.700330;0.776244;1.030562;0.902629;1.091415;0.635373;1.013513;0.935875;0.670037;0.822062;0.774000;0.894113;1.000261;0.552330;1.010664;1.020336;0.744652;0.793769;0.878771;0.949118;0.970809;0.978716;0.767547;0.793286;1.075335;0.879188;1.024559;0.690178;0.906821;0.887897;1.078642;0.534699;0.836958;0.849464;0.538671;1.051031;1.041340;0.799368;0.990819;0.590309;0.905437;0.678693;0.803527;1.021763;0.629448;0.709825;0.826616;0.733357;0.999243;1.089719;0.599206;0.660969;0.949861;0.758598;1.083377;1.082731;0.918530;1.029611;0.775811;0.912102;1.088686;0.871480;1.064703;0.959345;0.827066;0.915986;1.042898;0.631456;0.771600;1.091868;0.776113;0.926745;1.049451;1.093335;0.923668;0.555371;0.485916;0.904484;0.875868;1.077945;0.972680;0.928717;0.850478;0.678155;1.077958;0.860351;0.479865;0.946739;0.848361;0.508950;1.044048;0.728150;0.655516;0.560311;0.714789;0.654547;0.923037;0.515907;0.689515;0.694133;1.039262;0.802702;0.977709;0.896268;0.991598;0.560295;1.085617;1.024010;0.500646;0.816212;0.725019;0.911156;0.655972;0.883111;0.896190;0.894360;0.805250;0.485205;0.844876;0.779570;0.555019;0.812327;0.806773;0.866684;1.002699;0.949131;1.035488;0.502187;0.647828;0.812183;1.076352;0.995010;0.807388;0.730362;0.509014;0.970003;0.840711;0.632397;0.791956;0.607199;0.975548;0.753890;1.068559;0.466018;1.014424;0.909170;0.859504;0.922230;0.962616;0.542668;1.038063;0.462993;0.703067;0.616372;1.061270;0.517861;0.883795;0.914960;0.922643;1.031805;0.505918;1.008392;0.853770;0.945701;0.642188;0.862137;0.950011;1.075376;0.802834;0.534226;0.507287;0.910742;0.998088;0.944029;0.738450;1.070895;0.848640;1.074157;0.523064;0.637991;0.987435;1.055551;0.991237;0.703942;0.593166;1.023675;0.992398;0.686172;0.654072;0.721819;1.014673;1.011030;0.877885;0.878538;0.697150;0.948227;0.998127;0.800993;0.803875;0.815881;0.692127;0.935615;1.050554;1.052866;0.973240;0.678610;0.943206;0.576047;0.568771;0.625222;0.587990;0.886027;0.522840;1.011101;0.960678;1.061065;0.832249;0.924599;1.044090;0.859375;0.694410;1.084416;0.486236;0.725427;1.083058;0.751687;0.713547;0.566491;1.056298;0.579205;0.729464;1.047607;0.836450;0.902933;0.884948;0.947763;0.478887;0.853160;0.481739;1.013480;0.734838;1.023089;0.667884;0.884020;1.066619;0.497782;0.503962;0.469700;0.938871;0.893660;0.560384;0.998121;0.904351;0.519821;0.518921;0.579661;0.994430;0.540739;0.661717;0.666069;0.552107;1.028763;0.947734;0.966303;0.922242;0.846328;0.725526;0.928319;0.563529;0.589760;0.468791;1.079024;1.081838;0.569087;0.816952;0.925578;0.700133;0.977004;0.870700;0.792334;0.683516;0.976594;1.048035;0.963558;0.778993;1.066919;0.674854;0.856250;1.074595;0.683921;0.670883;1.061919;0.518249;0.706683;0.889710;0.635058;0.914266;0.999185;0.837676;0.922395;0.997975;0.658311;0.894896;0.558983;0.846029;1.018745;1.058674;0.835600;0.691094;0.923320;1.057024;0.842520;1.083601;0.630301;0.557840;0.705234;0.772281;0.787881;0.715175;0.945433;0.540252;0.775944;0.703691;0.711686;0.552776;0.890970;0.694786;0.596005;0.447949;0.695410;0.866493;1.034844;0.492192;1.051058;0.575303;1.016725;1.000234;1.057298;0.580778;0.839483;0.777791;0.611205;0.880445;0.897896;0.643775;0.848488;1.090498;0.830611;0.945977;0.781935;0.484538;0.702020;1.000721;0.739258;0.532274;0.843271;0.752883;0.969268;0.851317;1.002258;1.008420;0.624077;0.568941;1.010444;0.915367;0.464887;1.046879;0.845798;0.862857;0.898021;0.980018;1.027301;0.763458;0.533525;0.966371;0.729376;1.019681;0.756124;1.014010;0.613611;0.574038;1.039174;0.494044;0.941658;0.966319;0.798231;0.761472;1.086120;0.773947;0.800117;0.597334;0.725282;0.716981;1.046184;0.668599;0.714618;0.780301;0.952896;0.586206;1.035047;0.532124;0.813473;0.479989;0.976320;0.948706;0.643826;0.938032;0.870226;1.025026;0.870957;1.049654;0.787094;0.747080;0.830053;0.675250;1.062624;0.816552;0.673801;0.794493;0.950016;0.776099;0.617932;1.027741;0.885551;0.757350;0.649380;0.647298;0.849843;0.795879;0.970208;0.520048;1.023393;0.938019;0.580217;1.028787;0.632324;0.898521;0.862001;0.601934;0.453490;0.985639;0.982236;0.788080;0.506767;0.886424;0.611682;0.963644;0.856908;0.673101;1.056909;0.978874;1.042608;0.518457;0.619297;0.968025;0.946950;0.988430;0.837797;0.790884;0.900687;1.027508;0.933165;0.850642;0.706269;0.950773;0.762634;0.876176;1.043006;1.021249;1.048236;1.067241;1.007688;0.448729;0.450656;0.536161;0.678769;0.472016;0.789990;0.735571;0.861019;1.061211;0.706045;0.733543;1.029311;0.735172;0.581481;0.841308;1.027938;0.764404;0.946409;0.909892;0.806466;0.820742;1.072244;0.532445;0.692697;0.804368;0.887452;1.038092;0.817986;0.798385;0.972720;0.817258;1.029965;0.816402;0.835526;0.829114;0.655339;0.534371;0.517091;1.043260;0.658155;1.030338;0.954848;1.035767;1.066772;0.582829;0.770649;1.086537;0.919127;1.047096;0.825972;0.462702;0.907128;0.656579;0.852897;0.961765;0.898563;0.887900;0.795886;0.666463;0.793070;0.458451;0.899345;1.076093;0.543550;0.485377;1.042226;0.668537;0.457072;1.007433;0.583523;1.039166;0.543486;0.743344;0.890742;0.886105;0.931494;0.920884;0.795845;0.582888;0.975669;0.664670;0.922204;1.028287;0.533264;1.082631;0.481103;1.017548;1.017700;0.499857;0.863647;1.069191;0.722131;1.003228;0.895209;0.994797;0.999592;0.499565;0.695125;0.923827;0.830455;1.082983;0.973904;0.876265;0.706374;0.675359;1.042384;0.804239;1.007962;0.546203;1.029366;0.477105;1.048407;1.048778;0.850944;0.565862;0.614650;0.951897;1.015559;0.484597;0.978692;1.075691;0.736797;0.915557;0.736889;0.645346;0.993076;0.960776;0.691982;0.884552;0.788039;0.540434;0.473315;0.831352;0.691569;0.734682;0.698104;0.609018;0.774121;0.947444;0.635355;0.930767;0.801914;0.795799;0.612568;0.627058;0.903560;0.684843;0.871595;1.069946;0.956280;0.937667;1.076745;0.987590;0.898736;1.071449;0.509550;0.684626;1.089348;0.986005;0.821799;0.938562;0.785452;0.761675;0.642861;0.763504;0.479237;0.819952;0.730324;1.084364;0.869163;1.022890;0.779784;0.813645;1.013068;1.091423;0.850851;1.060866;0.969031;0.876031;1.081100;1.012176;1.076852;0.919971;0.761297;0.822542;1.054462;0.463523;0.597239;0.819492;0.861970;0.509599;0.926299;1.043856;0.556446;0.798607;0.692986;1.088690;0.899310;0.673609;0.576728;0.863137;1.013807;1.018335;1.016538;0.635386;0.862796;1.036794;0.566569;1.027789;1.048702;0.646425;0.526288;0.821106;1.017363;0.818165;0.783435;0.838300;0.570473;0.576442;1.034638;0.896075;0.682130;1.031893;0.508045;0.811020;0.960317;0.734166;0.775384;0.852631;1.046057;0.989121;0.519006;0.691943;0.761163;1.031830;0.787376;0.663233;0.893115;0.824260;1.048116;1.065227;1.008904;0.953367;0.971195;1.048670;0.515014;0.732060;0.452034;1.013950;0.841092;0.752438;0.653177;0.857223;0.699632;0.518045;0.533827;0.518015;0.780907;0.568666;0.801883;1.048303;0.744069;0.565843;0.876990;1.036838;0.740658;0.491855;0.585098;0.525921;0.969808;0.810262;0.931799;0.948286;0.878269;0.910326;1.038154;0.928629;1.037022;0.817017;0.584240;0.517817;0.956160;0.712731;0.933362;0.923266;0.855014;0.956612;0.839530;0.829457;0.835367;1.065822;0.767647;0.563156;0.663644;0.940696;1.019438;1.081732;0.644337;0.979971;0.885496;0.776500;0.842639;0.834053;0.922696;0.971445;0.708487;0.538156;1.012900;0.767846;0.987575;0.615929;0.556202;1.051265;1.037473;1.095350;1.031627;0.486701;0.862950;1.094357;0.843213;1.036104;0.519828;1.089743;1.059582;0.874220;0.794646;0.733379;0.959543;0.462229;0.757668;1.059568;0.863991;0.820906;0.834588;0.713422;1.072771;1.087195;0.844727;1.092058;0.809842;0.791227;0.642818;0.627096;1.016245;0.962620;0.854252;1.014436;0.843727;0.867157;0.642872;0.887593;0.585460;0.502219;0.939845;0.899199;0.647809;0.778640;0.910993;0.869084;0.572345;0.607617;0.448330;0.786233;0.829750;0.599891;0.931042;0.466819;0.565398;1.073371;1.084368;0.480536;0.832996;1.030884;0.665489;1.016991;1.006773;