U = ...
  [2 3 -1;
   0 5 1;
   0 0 -1.4];