x = [1.07143; -0.142857; 0.714286];