x = [-0.0952579; -0.248394; 0.458454; -1.83165; -0.208097; 0.875044; 0.701506; 1.49717; -5.77763; -0.659014; 1.41106; -0.268839; -1.31302; 0.23083; 0.0861716; 0.840248; -0.152451; -0.499049; -0.656196; -0.484409; -0.565246; 2.15439; -0.778208; -0.15701; -0.246266; 0.68259; -0.603153; 0.890977; 0.213539; 0.907567; 0.221929; 7.73324; 0.652149; 0.911031; 1.03103; -0.356505; -0.491784; 0.432694; -0.487412; 1.54081; 0.371535; 0.827161; 0.0938061; -0.348264; 0.942494; 0.00841625; 3.414; 0.172236; -1.26675; -0.158421; 0.386601; 0.149982; 0.156469; 2.91449; 1.09527; 0.433517; -0.760858; 0.363895; 0.130578; 0.913211; 0.042929; 2.05337; 0.42759; -0.709087; -0.308243; -0.484879; 0.31249; 1.12868; 1.40205; 0.515194; 0.00352534; 0.269832; -0.187632; 0.620758; -1.4873; 0.791639; 2.29534; 1.20942; 0.260361; -0.0236365; 0.890913; -0.545988; 0.0649024; 0.466482; -0.833548; 0.503772; -0.231397; -1.26173; 0.625666; 0.331789; 1.10487; 0.552624; 0.607375; -0.240912; -0.199873; 1.78535; 0.601813; 1.90308; 1.86008; 0.582298; 0.998267; -0.181551; 6.07261; 0.300634; 0.601813; 0.167949; 4.95356; -0.428396; -0.136315; 0.163069; 0.616862; 2.22077; 0.978815; -0.128969; 1.00705; -1.48781; -0.73039; -0.39713; 0.895016; 0.494842; 4.02288; -1.06715; 4.24193; -0.530139; 0.112316; -0.251423; 1.86797; 3.02139; 0.785186; -0.589167; 1.19541; -1.56362; 0.963644; 0.71903; 0.866513; 0.477529; -0.258542; -1.11806; -0.0276203; 3.29065; -0.0855292; 0.0137863; 0.481948; 0.263285; 0.815908; 0.465761; 3.27876; 1.768; 0.25844; 0.500661; 0.235381; 1.18003; -1.12399; -0.31361; 1.19483; 0.323639; 0.50026; -0.713275; 0.748074; 0.750014; -0.473297; 0.743253; 0.763103; 0.324542; 1.35432; 1.81302; -0.234949; -1.56378; -0.102342; 1.43168; 1.31032; 0.683792; -0.226159; 1.66138; 0.484097; 0.898535; 0.0101746; -2.29838; -0.0794185; 0.0401972; 0.723826; 1.13512; 0.143457; 0.309694; 0.19735; 0.887031; 2.63191; 0.272498; -0.0634676; 1.28756; -0.184369; -0.553087; 0.211367; 0.0710609; 2.0609; 0.134685; 0.979129; 0.380546; -0.263417; 0.0170836; -0.526512; 0.88924; -0.188244; 0.583551; 0.352616; -0.318265; -1.1945; 0.346643; 0.0239574; -0.282073; 0.352054; 0.67802; 0.858901; 0.90148; -0.374358; 6.89139; 3.04437; 0.796317; 0.308745; 0.244215; 1.17112; -0.563393; 1.19737; 1.30686; -1.30616; -0.908035; 0.962602; 2.45469; 0.329297; 1.02541; 0.246618; 1.35419; 0.726404; -0.0696973; 0.494779; 0.892029; 0.959496; 0.500365; 0.263201; 1.07583; 1.4438; 4.10424; 0.0892632; 1.23817; -0.260937; -0.260989; 0.466659; -0.958888; 0.259493; 0.0428023; -1.66711; 0.290328; -0.132274; 0.87655; 0.357378; 0.493408; -0.0632503; 0.633982; 1.55585; -0.475711; 1.06998; -0.0634525; -1.67145; -1.22561; 1.66241; 0.901396; 0.320617; -0.343778; 1.14727; -1.46886; 4.87803; 0.32083; 0.510459; -0.0896302; -0.0271218; -0.537331; -0.73296; 0.427542; -0.590205; 0.772907; 0.66663; 0.110468; 0.0344472; 0.399538; -0.716387; -0.515976; -0.382957; -1.01285; -0.192762; 0.150642; 0.351253; 0.72843; -0.48497; 0.697043; -0.110481; 0.353127; -0.334345; -1.2078; 0.0289172; 0.370259; 0.939125; 0.204405; 0.864334; 0.960484; 0.436667; 0.84349; -0.620004; -0.109176; -0.331063; 0.412955; -0.76624; 0.749799; -0.467911; -0.294794; -0.209971; 0.340677; 0.223734; -0.111968; 3.06972; 0.622242; 0.839081; 1.55962; -0.0149791; -0.0737807; 0.714181; 1.4454; 0.00150399; 0.423051; 1.05335; -0.234624; 0.792794; 0.624489; 1.30011; -0.553646; 0.729533; 1.01882; 0.732718; 0.93845; 0.22639; 0.688123; -0.324245; -1.21689; 1.48722; -0.472404; 0.509884; 0.582439; 3.01948; -0.4773; 0.291448; -0.620357; 3.09428; -0.0589581; 0.545168; -0.170531; -0.756156; -0.309043; 0.842173; 0.943026; -1.13404; 1.45873; 0.810196; 0.0770679; -0.403358; -0.175019; 0.618475; 0.449925; 0.450976; -4.1076; 1.34585; -1.50992; 0.099189; 1.37837; 2.22114; 0.786814; -0.209982; 3.49873; 0.337103; 0.800671; 0.082832; 0.140214; 0.415563; 0.366956; 0.148573; 1.29724; -0.774134; -0.689384; 0.916757; 0.395768; 1.20975; 1.20135; -0.727681; -0.854803; -0.0629204; 0.441825; -0.230848; 0.789918; 0.719232; 1.58797; 0.646248; 1.11586; 0.774562; 0.706471; -0.213548; 0.646174; 0.0844703; -0.776342; 0.436522; 0.753076; 1.07616; 0.615251; 0.367296; 0.426327; 0.392644; -0.784082; 0.186653; -0.769073; 0.428173; 0.646562; 0.938794; -0.201581; -0.916774; 0.898088; 0.777012; 0.686374; 0.922772; 0.827748; 0.250407; 0.39426; 0.213861; -0.3962; -0.310842; -0.98232; -0.142437; -0.318821; 2.40027; -0.455963; 0.439638; 0.812161; -0.313997; 5.32431; 0.268297; 0.878039; -1.17588; -0.153846; 2.28755; -0.459259; 0.106537; 5.52418; 1.6315; 1.49071; -1.01608; 1.468; 0.167112; 0.400726; 0.138564; 0.080809; 2.04469; -0.326956; 0.922185; 1.46563; 2.26691; -0.46246; 4.03835; 0.79645; 0.338537; -0.125143; 0.369951; -0.155876; 1.30679; -1.01033; 0.289581; 0.0650624; 0.807515; 1.16208; 1.19785; -0.169249; 0.0913584; 0.157073; 0.0834146; -0.685329; 0.151241; 0.150855; -0.045052; -0.746774; 0.978937; -0.45149; 0.848123; 1.50741; -0.304776; 0.708989; 0.40577; 0.38722; -2.19386; 0.315379; 0.303799; 0.827371; -0.094351; -0.451063; 0.944574; 0.252619; 1.17814; 0.671366; -1.40086; 0.694623; 1.52286; 1.53485; -0.620152; 0.99262; 0.685957; 0.28621; 1.07914; 0.203404; -1.41702; -0.954234; -1.27589; -1.84548; 1.89952; 2.26402; 2.45504; 2.11832; 1.97865; 0.556226; 0.380335; 0.0530384; -0.0651263; -1.26275; -0.603132; -0.453408; 0.831825; 2.10711; 0.116499; 1.28002; 0.543913; 3.12539; -0.539132; 0.137131; 0.283809; 0.0335722; 0.841065; 0.196204; 0.43898; 1.04802; 0.104046; 2.18408; 0.87069; -0.395529; 1.10155; 0.0905085; -0.360789; 0.114985; 0.243462; 0.216566; 0.154932; 0.0541439; 0.679932; 2.40826; 0.167672; 0.420559; 0.73776; 5.00962; -0.00563682; 0.338359; -2.40752; 0.932255; -1.13592; 0.818979; -0.142939; -0.103146; 2.72536; 0.79617; -0.918212; -1.23201; 0.115527; 0.161544; 0.487718; -0.504208; -0.54172; 1.00013; -1.57215; -1.75641; 1.21089; -5.40631; 0.689926; 0.432223; 0.672605; 0.575964; -0.132096; -0.32035; -0.148219; 0.451017; -0.115925; 1.27308; 0.615614; 1.00324; 0.719311; -0.165244; 1.87825; -0.790178; 3.344; 3.17741; -0.761257; 0.276377; -0.150319; -0.472642; 2.35112; -0.233094; -0.340358; -0.25315; 0.495697; -0.835092; 1.12605; -0.564285; 0.435655; 0.336707; -0.945206; 0.754193; 0.0564365; -0.139153; 0.0847915; -0.0969362; -0.481603; 0.591147; 0.23714; 0.908297; 5.97518; 0.0468241; -0.725608; -0.458207; -0.176103; -0.841309; -1.70181; 0.532658; -0.107714; -0.0100254; 2.39498; 2.31142; -0.920781; 0.78751; -0.516929; 0.792932; 0.931406; -0.0242678; 4.50129; -0.464416; 0.413569; 1.87328; 0.198325; 0.675233; 2.79832; 0.857591; 1.02396; 1.22515; 0.935085; -0.00959439; 0.460081; -0.125555; -0.69102; 0.31346; -0.000737457; 0.285977; 1.26549; 0.470269; -0.561298; -0.213799; 1.80707; 0.659535; 0.345247; -0.386648; 0.183482; 2.50379; -0.33434; 0.787215; 1.59459; 0.554758; 2.88866; -0.35902; 0.0489855; 2.56932; -0.44895; -0.306687; 0.223971; 0.847432; -0.0805878; -0.466771; -1.06509; -0.154238; 0.102079; 0.926426; 3.97516; 1.24198; 1.12831; 0.971052; -0.232746; 1.67916; 1.38481; 0.353144; 0.222769; 0.305244; 1.21361; -2.54218; 0.111605; -0.336051; 0.0618397; 2.21081; 1.42339; 0.856895; -0.0526613; 0.927765; -0.110801; 1.51646; -0.636973; -0.146338; -0.132416; -0.631812; 2.78129; 0.63064; 0.0611553; -0.422622; -0.0378666; 0.761089; 0.793608; 0.902918; 4.31716; -0.916423; 0.432796; 1.43779; 1.14166; -0.420291; -0.054422; -0.0450787; -0.726683; 0.928116; -0.133468; -0.345664; 0.291634; 1.54867; 0.0690293; 1.12245; 1.3753; 1.384; -0.339621; 0.871698; 2.36968; 0.510996; 0.429836; 0.681253; -0.127845; 1.02232; 0.656136; 0.835818; 0.265256; 2.0112; -1.19776; 0.845579; 0.567385; 3.03597; 1.2535; 0.536692; 0.616644; -0.498449; 0.239722; 1.10219; 2.2866; -0.569654; -0.485706; 0.015648; 0.39638; -0.491395; 0.11005; 0.804456; -0.372541; 1.36098; 2.97278; -0.221507; -0.255572; 0.310203; 0.121209; -0.149392; -0.477418; 0.341504; -0.337965; 1.1968; 2.00232; 2.10966; -0.0724205; 0.707876; 0.132953; 0.141082; 1.49371; 1.35918; 0.140765; -0.310034; -0.689042; -0.269691; 