x = [-0.0952526; -0.248391; 0.458456; -1.83164; -0.208094; 0.875045; 0.70151; 1.49718; -5.77765; -0.659016; 1.41106; -0.268837; -1.31302; 0.23083; 0.0861718; 0.840249; -0.152454; -0.49905; -0.656194; -0.484408; -0.565245; 2.15439; -0.778215; -0.15701; -0.24627; 0.682594; -0.603154; 0.890977; 0.21354; 0.907566; 0.221928; 7.73324; 0.652149; 0.911032; 1.03103; -0.356506; -0.491784; 0.432694; -0.487409; 1.54081; 0.371536; 0.827163; 0.093806; -0.348263; 0.942494; 0.00841669; 3.414; 0.172236; -1.26675; -0.158422; 0.386603; 0.149981; 0.156469; 2.91448; 1.09527; 0.433516; -0.760859; 0.363895; 0.130577; 0.913211; 0.0429308; 2.05336; 0.427589; -0.709091; -0.308241; -0.484878; 0.312491; 1.12868; 1.40205; 0.515193; 0.00352531; 0.269832; -0.187632; 0.620758; -1.4873; 0.791639; 2.29534; 1.20942; 0.260361; -0.0236357; 0.890912; -0.545988; 0.0649026; 0.466481; -0.833548; 0.503771; -0.231397; -1.26173; 0.625666; 0.331791; 1.10487; 0.552622; 0.607375; -0.240912; -0.199873; 1.78535; 0.601814; 1.90309; 1.86008; 0.582299; 0.998267; -0.181551; 6.07259; 0.300634; 0.601811; 0.16795; 4.95358; -0.428397; -0.136314; 0.16307; 0.61686; 2.22076; 0.978816; -0.128969; 1.00706; -1.48781; -0.73039; -0.397128; 0.895016; 0.494841; 4.02287; -1.06715; 4.24194; -0.530139; 0.112317; -0.251423; 1.86797; 3.02138; 0.785187; -0.589167; 1.19541; -1.56362; 0.963644; 0.719032; 0.866513; 0.47753; -0.258543; -1.11805; -0.0276207; 3.29065; -0.0855301; 0.0137853; 0.481949; 0.263285; 0.815908; 0.465761; 3.27876; 1.768; 0.25844; 0.50066; 0.235381; 1.18003; -1.12399; -0.313611; 1.19483; 0.323639; 0.50026; -0.713276; 0.748074; 0.750014; -0.473297; 0.743252; 0.763103; 0.324543; 1.35432; 1.81302; -0.234948; -1.56378; -0.102341; 1.43168; 1.31032; 0.683791; -0.226158; 1.66138; 0.484097; 0.898535; 0.0101745; -2.29839; -0.0794167; 0.0401975; 0.723828; 1.13512; 0.143457; 0.309694; 0.197351; 0.887031; 2.63192; 0.272499; -0.0634669; 1.28756; -0.184368; -0.553087; 0.211366; 0.0710614; 2.0609; 0.134684; 0.979128; 0.380547; -0.263417; 0.017084; -0.526512; 0.88924; -0.188244; 0.583551; 0.352615; -0.318266; -1.1945; 0.346643; 0.0239558; -0.282074; 0.352055; 0.67802; 0.858901; 0.90148; -0.374358; 6.89137; 3.04437; 0.796316; 0.308745; 0.244213; 1.17112; -0.563392; 1.19737; 1.30686; -1.30616; -0.908036; 0.962605; 2.45469; 0.329297; 1.02541; 0.246616; 1.35419; 0.726408; -0.0696975; 0.494778; 0.892029; 0.959496; 0.500365; 0.2632; 1.07584; 1.44379; 4.10422; 0.0892621; 1.23817; -0.260937; -0.260988; 0.466659; -0.958884; 0.259491; 0.0428022; -1.66711; 0.290328; -0.132275; 0.876551; 0.357378; 0.493408; -0.0632503; 0.633983; 1.55585; -0.475711; 1.06998; -0.0634529; -1.67145; -1.22561; 1.6624; 0.901396; 0.320617; -0.343777; 1.14727; -1.46887; 4.87803; 0.320829; 0.510458; -0.0896299; -0.0271219; -0.53733; -0.73296; 0.427542; -0.590205; 0.772907; 0.666633; 0.110467; 0.0344467; 0.399538; -0.716389; -0.515975; -0.382956; -1.01285; -0.192763; 0.150644; 0.351253; 0.72843; -0.484971; 0.697043; -0.110481; 0.353128; -0.334346; -1.2078; 0.028918; 0.370264; 0.939125; 0.204406; 0.864331; 0.960484; 0.436667; 0.84349; -0.620005; -0.109176; -0.331063; 0.412955; -0.766239; 0.749799; -0.467912; -0.294793; -0.209971; 0.340677; 0.223734; -0.111968; 3.06972; 0.622243; 0.83908; 1.55962; -0.0149788; -0.0737812; 0.714181; 1.4454; 0.00150337; 0.423051; 1.05335; -0.234623; 0.792794; 0.624489; 1.30011; -0.553644; 0.729533; 1.01882; 0.732719; 0.93845; 0.22639; 0.688124; -0.324245; -1.21688; 1.48722; -0.472403; 0.509883; 0.582439; 3.01949; -0.4773; 0.291447; -0.620357; 3.09428; -0.0589574; 0.545169; -0.170533; -0.756156; -0.309045; 0.842173; 0.943026; -1.13404; 1.45873; 0.810195; 0.0770678; -0.403357; -0.175018; 0.618476; 0.449925; 0.450976; -4.1076; 1.34585; -1.50991; 0.0991899; 1.37837; 2.22113; 0.786814; -0.209977; 3.49873; 0.337102; 0.800671; 0.0828316; 0.140213; 0.415564; 0.366957; 0.148573; 1.29724; -0.774134; -0.689384; 0.916757; 0.395767; 1.20976; 1.20135; -0.727681; -0.854801; -0.0629191; 0.441825; -0.230847; 0.789916; 0.71923; 1.58797; 0.646247; 1.11586; 0.774561; 0.706471; -0.213548; 0.646174; 0.0844707; -0.776342; 0.436524; 0.753078; 1.07616; 0.615252; 0.367296; 0.426328; 0.392645; -0.784082; 0.186652; -0.769072; 0.428173; 0.646561; 0.938794; -0.20158; -0.916775; 0.898087; 0.777012; 0.686373; 0.922773; 0.827747; 0.250406; 0.394262; 0.213861; -0.396199; -0.310843; -0.982321; -0.142438; -0.318821; 2.40026; -0.455963; 0.439638; 0.812157; -0.313997; 5.3243; 0.268297; 0.87804; -1.17588; -0.153846; 2.28755; -0.459259; 0.106537; 5.52418; 1.63151; 1.49071; -1.01608; 1.468; 0.167112; 0.400727; 0.138563; 0.0808093; 2.04469; -0.326956; 0.922185; 1.46563; 2.26691; -0.46246; 4.03834; 0.796449; 0.338537; -0.125144; 0.369953; -0.155876; 1.30679; -1.01033; 0.289582; 0.0650627; 0.807515; 1.16208; 1.19785; -0.169249; 0.0913571; 0.157073; 0.0834132; -0.685329; 0.151242; 0.150856; -0.0450524; -0.746775; 0.978937; -0.451489; 0.848123; 1.50742; -0.304777; 0.708991; 0.40577; 0.38722; -2.19386; 0.31538; 0.303801; 0.82737; -0.0943513; -0.451063; 0.944574; 0.252621; 1.17815; 0.671364; -1.40085; 0.694624; 1.52286; 1.53485; -0.620152; 0.99262; 0.685956; 0.286209; 1.07914; 0.203403; -1.41702; -0.954234; -1.27589; -1.84548; 1.89952; 2.26403; 2.45504; 2.11833; 1.97865; 0.556228; 0.380335; 0.0530386; -0.0651261; -1.26275; -0.603133; -0.453409; 0.831825; 2.10712; 0.116498; 1.28003; 0.543909; 3.12541; -0.53913; 0.137131; 0.283809; 0.0335719; 0.841059; 0.196205; 0.438981; 1.04802; 0.104046; 2.18408; 0.87069; -0.395529; 1.10154; 0.0905088; -0.36079; 0.114985; 0.243462; 0.216567; 0.154933; 0.0541442; 0.679932; 2.40826; 0.167673; 0.420559; 0.737759; 5.00962; -0.00563577; 0.338359; -2.40753; 0.932255; -1.13592; 0.81898; -0.14294; -0.103146; 2.72536; 0.79617; -0.91821; -1.23201; 0.115526; 0.161544; 0.487718; -0.50421; -0.54172; 1.00013; -1.57215; -1.75641; 1.21089; -5.40633; 0.689926; 0.432223; 0.672604; 0.575964; -0.132096; -0.320349; -0.148218; 0.451018; -0.115924; 1.27308; 0.615614; 1.00324; 0.719312; -0.165244; 1.87825; -0.790175; 3.344; 3.17741; -0.761257; 0.276377; -0.150318; -0.472643; 2.35112; -0.233094; -0.340358; -0.253149; 0.495695; -0.835094; 1.12604; -0.564285; 0.435656; 0.336706; -0.945202; 0.754194; 0.0564367; -0.139153; 0.0847918; -0.0969359; -0.481603; 0.591147; 0.237139; 0.908293; 5.97518; 0.0468247; -0.72561; -0.458207; -0.176104; -0.84131; -1.70181; 0.532659; -0.107714; -0.0100254; 2.39498; 2.31141; -0.920779; 0.78751; -0.516929; 0.792932; 0.931407; -0.0242682; 4.5013; -0.464417; 0.413568; 1.87327; 0.198325; 0.675232; 2.79832; 0.857591; 1.02396; 1.22515; 0.935085; -0.00959465; 0.460081; -0.125555; -0.69102; 0.313459; -0.000737028; 0.285975; 1.26549; 0.470269; -0.561301; -0.213801; 1.80707; 0.659535; 0.345248; -0.386648; 0.183482; 2.50378; -0.334339; 0.787214; 1.59459; 0.554759; 2.88866; -0.359019; 0.0489841; 2.56932; -0.448949; -0.306687; 0.22397; 0.847433; -0.0805885; -0.466772; -1.06509; -0.154238; 0.102079; 0.926426; 3.97517; 1.24198; 1.1283; 0.97105; -0.232746; 1.67916; 1.38481; 0.353143; 0.22277; 0.305243; 1.21361; -2.54218; 0.111605; -0.33605; 0.0618388; 2.21082; 1.42339; 0.856895; -0.052661; 0.927764; -0.1108; 1.51646; -0.636973; -0.146337; -0.132415; -0.631811; 2.78129; 0.63064; 0.0611548; -0.422623; -0.037867; 0.761089; 0.793609; 0.902918; 4.31715; -0.916424; 0.432796; 1.43779; 1.14166; -0.42029; -0.0544218; -0.0450789; -0.726683; 0.928116; -0.133467; -0.345664; 0.291635; 1.54867; 0.0690291; 1.12245; 1.3753; 1.384; -0.339621; 0.871694; 2.36968; 0.510997; 0.429837; 0.681254; -0.127844; 1.02232; 0.656136; 0.835819; 0.265255; 2.0112; -1.19776; 0.845579; 0.567384; 3.03597; 1.2535; 0.536692; 0.61664; -0.498451; 0.239723; 1.10219; 2.2866; -0.569653; -0.485706; 0.0156484; 0.396379; -0.491397; 0.110051; 0.804456; -0.37254; 1.36098; 2.97278; -0.221508; -0.255572; 0.310203; 0.121209; -0.149392; -0.477418; 0.341503; -0.337964; 1.19679; 2.00231; 2.10966; -0.0724201; 0.707876; 0.132953; 0.141082; 1.49371; 1.35918; 0.140764; -0.310034; -0.689042; -0.269692; 