Method=3
A = ...
  [5 5 2;
   5 4 3;
   1 1 5];

