Method=1
A = ...
  [1 -1 0;
   2 0 3;
   1 2 3];

