Method=2
A = complex([2 0 0;
   -0 2 1;
   0 1 5],[0 1 0;
   -1 0 1;
   0 -1 0]);

