Method=3
A = ...
  [10 10 2;
   2 5 5;
   10 9 10];

