Q = ...
  [-0.70014004201400493 0.68654379547636191 -0.19611613513818416;
   -0.70014004201400482 -0.71400554729541654 1.4810342867390924E-16;
   -0.14002800840280097 0.1373087590952726 0.98058067569092011];

