Q = ...
[0.700140 0.686544 -0.196116;
0.700140 -0.714006 0.000000;
0.140028 0.137309 0.980581];