Q = ...
[0.408248 0.530669 -0.742781;
0.816497 0.151620 0.557086;
0.408248 -0.833908 -0.371391];