Q = ...
  [-0.40824829046386313 0.53066863050523227 0.74278135270820744;
   -0.81649658092772615 0.15161960871578076 -0.55708601453115558;
   -0.40824829046386307 -0.83390784793679373 0.37139067635410367];

