R = ...
  [-2.4494897427831779 -0.408248290463863 -3.6742346141747677;
   0 -2.19848432637882 -2.0468647176630386;
   0 0 -0.557086014531155];

