R = ...
[7.141428 6.441288 4.200840;
0.000000 0.714006 -0.082385;
0.000000 0.000000 4.510671];