R = ...
[2.449490 0.408248 3.674235;
0.000000 -2.198484 -2.046865;
0.000000 0.000000 0.557086];