R = ...
  [-7.14142842854285 -6.4412883865288446 -4.2008402520840287;
   0 0.71400554729541621 -0.082385255457162965;
   0 0 4.5106711081782329];

