x = [-0.136364; 0.181819; 0.272727];