v = [-0.13636363636363635; 0.1818181818181818; 0.27272727272727276];

